 &CONLST
 RE =    20902268.00000000     ,
 WE =   7.2921160608530045E-005,
 G0 =    32.17399978637695     ,
 TTOL =   9.9999997473787516E-005
 /
 &SIMLST
 CEP =    1.000000000000000     ,
 R95 =    5.000000000000000     ,
 GNAME = gd.dat                                                                                                                              ,
 IVNS =            1,
 IVNE =            1,
 IVND =            1,
 JTI = p,
 KFI = 0,
 IFLG =        32765,
 MODE =            1,
 GAMMA =   -1.000000000000000     
 /
